#loop                time(ns)     Etotal(kJ/mol)       Ekin(kJ/mol)       Epot(kJ/mol)            Temp(K)         Press(bar)      Volume(Ang^3)         lx(Ang)         ly(Ang)         lz(Ang)
000000000000         0.000000   -24.608466727529     0.000000000000   -24.608466727529        -0.00000000    -0.000000000000   113.814346003936    290.33800000    290.33800000    183.58700000
000000000100         0.002000   -21.763018690144     3.542486463019   -25.305505153163       288.18643083   275.018466099629   111.883984036028    288.58885073    288.58885073    182.66759247
000000000200         0.004000   -21.166168983794     3.747668300404   -24.913837284199       304.87827200   287.788988250577   113.111966183531    289.73672810    289.73672810    183.21208970
000000000300         0.006000   -21.000531854036     3.795495167544   -24.796027021580       308.76905726   290.621542705865   113.438955163294    290.11348172    290.11348172    183.26480751
000000000400         0.008000   -20.913868161865     3.811951543298   -24.725819705162       310.10780739   291.190487194095   113.708195376016    290.28633458    290.28633458    183.48106969
000000000500         0.010000   -20.890360303583     3.807699415984   -24.698059719567       309.76189064   290.619030935527   113.804696740082    290.29493038    290.29493038    183.62591057
000000000600         0.012000   -20.883382242185     3.799527370657   -24.682909612842       309.09708286   289.802856209636   113.880271719246    290.32225263    290.32225263    183.71326872
000000000700         0.014000   -20.871662270746     3.806168191866   -24.677830462612       309.63732333   290.294076891992   113.886272741344    290.26416382    290.26416382    183.79649173
000000000800         0.016000   -20.885836587581     3.812539666970   -24.698376254551       310.15565210   290.918358205629   113.832119349935    290.24906944    290.24906944    183.72820380
000000000900         0.018000   -20.881158498924     3.799157015021   -24.680315513945       309.06695389   289.791354577891   113.873690732394    290.31145013    290.31145013    183.71632361
000000001000         0.020000   -20.878054371292     3.808908513962   -24.686962885254       309.86025252   290.456772166779   113.904429575356    290.29847561    290.29847561    183.78234236
000000001100         0.022000   -20.851986741841     3.815938471476   -24.667925213317       310.43214980   290.885068681923   113.946637267049    290.36086292    290.36086292    183.77144736
000000001200         0.024000   -20.863047208187     3.808552394897   -24.671599603084       309.83128172   290.383440945446   113.922541793575    290.35098877    290.35098877    183.74508337
000000001300         0.026000   -20.861912287423     3.797621709203   -24.659533996626       308.94205452   289.515643980299   113.936072380871    290.41325643    290.41325643    183.68811212
000000001400         0.028000   -20.834515514716     3.817955684586   -24.652471199303       310.59625302   291.049681164975   113.942392441699    290.39196460    290.39196460    183.72524021
000000001500         0.030000   -20.844553889267     3.831185564028   -24.675739453296       311.67252297   292.157926774014   113.903506078567    290.31284049    290.31284049    183.76266557
000000001600         0.032000   -20.842457896952     3.807537417445   -24.649995314397       309.74871182   290.186620891354   113.969429244998    290.43070637    290.43070637    183.71981131
000000001700         0.034000   -20.844893156779     3.800208001784   -24.645101158563       309.15245319   289.617688304232   113.973494468792    290.44598104    290.44598104    183.70704051
000000001800         0.036000   -20.851240975640     3.819221071447   -24.670462047087       310.69919408   291.183693741265   113.927698902891    290.41884781    290.41884781    183.66753994
000000001900         0.038000   -20.847953289312     3.806517186659   -24.654470475971       309.66571456   290.151678318015   113.952612608680    290.49611902    290.49611902    183.60998581
000000002000         0.040000   -20.873043527594     3.796093616856   -24.669137144450       308.81774199   289.353408343109   113.954082977701    290.52668626    290.52668626    183.57372014
000000002100         0.042000   -20.852761409424     3.795212038835   -24.647973448259       308.74602433   289.182530804317   113.994938749993    290.52872288    290.52872288    183.63696189
000000002200         0.044000   -20.837583053638     3.836289456890   -24.673872510529       312.08773209   292.490986523498   113.925373142898    290.40299433    290.40299433    183.68384392
000000002300         0.046000   -20.855508162465     3.807399414682   -24.662907577148       309.73748510   290.327381833043   113.910044074662    290.46014051    290.46014051    183.58686818
000000002400         0.048000   -20.847401994623     3.825494710506   -24.672896705129       311.20956376   291.644276672526   113.934624790240    290.41457098    290.41457098    183.68411542
000000002500         0.050000   -20.863850513412     3.811044624284   -24.674895137696       310.03402821   290.715568049526   113.866854469600    290.33118265    290.33118265    183.68032401
000000002600         0.052000   -20.872789224689     3.807537816237   -24.680327040927       309.74874427   290.388796053763   113.890093112693    290.24555700    290.24555700    183.82622417
000000002700         0.054000   -20.841550516916     3.816234914007   -24.657785430923       310.45626583   290.867885574011   113.962221206755    290.21192518    290.21192518    183.98527937
000000002800         0.056000   -20.853950499116     3.813108990355   -24.667059489471       310.20196739   290.739654036582   113.919095573645    290.12472572    290.12472572    184.02622703
000000002900         0.058000   -20.838770380370     3.813749447874   -24.652519828244       310.25406954   290.615114176778   113.987056611129    290.14742826    290.14742826    184.10719782
000000003000         0.060000   -20.865962138124     3.808527980072   -24.674490118196       309.82929553   290.398322059068   113.915973703575    290.14225515    290.14225515    183.99894871
000000003100         0.062000   -20.878569958392     3.802812085704   -24.681382044096       309.36429921   290.076130801477   113.871344977662    290.12747156    290.12747156    183.94560830
000000003200         0.064000   -20.858671374213     3.798407541180   -24.657078915393       309.00598310   289.551622172495   113.945488837208    290.14554523    290.14554523    184.04244810
000000003300         0.066000   -20.839750388973     3.813749677704   -24.653500066677       310.25408824   290.726439781555   113.943415304482    290.12693327    290.12693327    184.06271235
000000003400         0.068000   -20.849927634922     3.819993939630   -24.669921574552       310.76206804   291.159808266291   113.960101649003    290.19539091    290.19539091    184.00282329
000000003500         0.070000   -20.865563710756     3.802167018350   -24.667730729106       309.31182204   289.929142886806   113.909749650472    290.20029176    290.20029176    183.91531169
000000003600         0.072000   -20.861878427761     3.790529595445   -24.652408023205       308.36510074   288.951853352360   113.945187189812    290.22157898    290.22157898    183.94554099
000000003700         0.074000   -20.846992669905     3.818679731953   -24.665672401858       310.65515533   291.253169610793   113.884378104726    290.13267345    290.13267345    183.96006503
000000003800         0.076000   -20.866593343325     3.806347926820   -24.672941270146       309.65194503   290.277004170215   113.898349250033    290.11348373    290.11348373    184.00697301
000000003900         0.078000   -20.847092429442     3.821200150652   -24.668292580093       310.86019506   291.342174119052   113.924730045476    290.15769643    290.15769643    183.99350742
000000004000         0.080000   -20.859463288864     3.812958719400   -24.672422008263       310.18974263   290.841088537812   113.874876974782    290.14673551    290.14673551    183.92688818
000000004100         0.082000   -20.870739194781     3.796500447500   -24.667239642281       308.85083825   289.441555236874   113.931588097192    290.22818196    290.22818196    183.91521872
000000004200         0.084000   -20.865180222383     3.799453123153   -24.664633345536       309.09104271   289.661168566390   113.933749756932    290.22853135    290.22853135    183.91826538
000000004300         0.086000   -20.859791631567     3.800553339441   -24.660344971007       309.18054691   289.717026133205   113.944768975473    290.24454857    290.24454857    183.91575267
000000004400         0.088000   -20.863771603496     3.799396310458   -24.663167913954       309.08642092   289.629661041892   113.944440282692    290.23311198    290.23311198    183.92971671
000000004500         0.090000   -20.833064324798     3.821247899220   -24.654312224019       310.86407947   291.279373337505   113.950716464431    290.10674336    290.10674336    184.10012867
000000004600         0.092000   -20.843216983748     3.810407604628   -24.653624588375       309.98220573   290.456141059878   113.949507086651    290.07355051    290.07355051    184.14030957
000000004700         0.094000   -20.825097753486     3.820383362605   -24.645481116090       310.79374816   291.135706887533   113.981154158357    289.98619028    289.98619028    184.30244512
000000004800         0.096000   -20.850305901948     3.812075307992   -24.662381209939       310.11787583   290.586646162925   113.948181278127    289.97938744    289.97938744    184.25777442
000000004900         0.098000   -20.873253683739     3.812405631614   -24.685659315353       310.14474813   290.762440016944   113.889156503916    289.93753559    289.93753559    184.21550022
000000005000         0.100000   -20.865662951449     3.793921947249   -24.659584898698       308.64107350   289.416693513122   113.863988651852    289.98330972    289.98330972    184.11665153
000000005100         0.102000   -20.837170651504     3.807486192567   -24.644656844071       309.74454460   290.218255525040   113.955473120075    290.00726197    290.00726197    184.23414451
000000005200         0.104000   -20.844987613492     3.817929334307   -24.662916947799       310.59410939   290.999230447542   113.961360175708    290.10955546    290.10955546    184.11375541
000000005300         0.106000   -20.836827414718     3.814836112258   -24.651663526976       310.34247127   290.715038142576   113.980344767794    290.08940542    290.08940542    184.17000934
000000005400         0.108000   -20.838474651601     3.819195415283   -24.657670066884       310.69710692   291.100220764325   113.959602121033    290.04347408    290.04347408    184.19481765
000000005500         0.110000   -20.883001606309     3.793974469895   -24.676976076204       308.64534630   289.425190356847   113.862222147101    289.83116282    289.83116282    184.30714696
000000005600         0.112000   -20.866257240938     3.798647100019   -24.664904340956       309.02547156   289.796150373595   113.856522614227    289.87371008    289.87371008    184.24382319
000000005700         0.114000   -20.851513498054     3.802368206021   -24.653881704075       309.32818895   289.750657690577   113.985948708533    290.04330222    290.04330222    184.23762042
000000005800         0.116000   -20.859197044859     3.813680249589   -24.672877294448       310.24844016   290.805665070059   113.910299529433    289.99134083    289.99134083    184.18133367
000000005900         0.118000   -20.862204973410     3.798384091758   -24.660589065168       309.00407545   289.610769602957   113.921514364907    290.09754574    290.09754574    184.06462051
000000006000         0.120000   -20.842719970611     3.817044434298   -24.659764404908       310.52212148   290.957300737962   113.951365905834    290.11351644    290.11351644    184.09258186
000000006100         0.122000   -20.848722037052     3.812369603116   -24.661091640168       310.14181716   290.610935443289   113.947453633272    290.07552760    290.07552760    184.13448116
000000006200         0.124000   -20.827889870878     3.816177893119   -24.644067763997       310.45162710   290.737263567253   114.011718434651    290.13883511    290.13883511    184.15793865
000000006300         0.126000   -20.844189819419     3.805059996528   -24.649249815947       309.54717002   290.004503828409   113.966797605655    290.07473357    290.07473357    184.16674849
000000006400         0.128000   -20.837326671851     3.799331995516   -24.636658667367       309.08118880   289.506670020336   113.990917627312    290.09236413    290.09236413    184.18333591
000000006500         0.130000   -20.826453763685     3.820418875734   -24.646872639419       310.79663721   291.121852431915   113.987638093222    290.09995497    290.09995497    184.16839854
000000006600         0.132000   -20.827431502918     3.820907001083   -24.648338504001       310.83634692   291.314154420410   113.926946996345    290.05613208    290.05613208    184.12596513
000000006700         0.134000   -20.859645285854     3.806902176867   -24.666547462721       309.69703408   290.345361264255   113.888114800924    290.07822795    290.07822795    184.03516558
000000006800         0.136000   -20.844003113608     3.818166580947   -24.662169694556       310.61340975   291.028799437455   113.956862374544    290.18920779    290.18920779    184.00543411
000000006900         0.138000   -20.842024106783     3.815163730803   -24.657187837586       310.36912352   290.938678087694   113.902511005605    290.25651294    290.25651294    183.83238892
000000007000         0.140000   -20.860168431363     3.799422914584   -24.659591345948       309.08858520   289.587112869062   113.961979779053    290.34955676    290.34955676    183.81050579
#loop                time(ns)     Etotal(kJ/mol)       Ekin(kJ/mol)       Epot(kJ/mol)            Temp(K)         Press(bar)      Volume(Ang^3)         lx(Ang)         ly(Ang)         lz(Ang)
000000000000         0.000000   -24.608466727529     0.000000000000   -24.608466727529        -0.00000000    -0.000000000000   113.814346003936    290.33800000    290.33800000    183.58700000
000000000100         0.002000   -21.763018690144     3.542486463019   -25.305505153163       288.18643083   275.018466099633   111.883984036028    288.58885073    288.58885073    182.66759247
000000000200         0.004000   -21.166168983794     3.747668300404   -24.913837284198       304.87827200   287.788988250533   113.111966183534    289.73672810    289.73672810    183.21208970
000000000300         0.006000   -21.000531854042     3.795495167572   -24.796027021613       308.76905727   290.621542708089   113.438955163256    290.11348172    290.11348172    183.26480751
000000000400         0.008000   -20.913868161721     3.811951543419   -24.725819705141       310.10780740   291.190487204186   113.708195375708    290.28633458    290.28633458    183.48106969
000000000500         0.010000   -20.890360303135     3.807699416112   -24.698059719246       309.76189065   290.619030938901   113.804696742573    290.29493038    290.29493038    183.62591058
000000000600         0.012000   -20.883382242609     3.799527370312   -24.682909612921       309.09708283   289.802856172493   113.880271723515    290.32225263    290.32225263    183.71326873
000000000700         0.014000   -20.871662057857     3.806168603219   -24.677830661076       309.63735679   290.294105888005   113.886273674122    290.26416423    290.26416423    183.79649272
000000000800         0.016000   -20.885835905853     3.812540849801   -24.698376755654       310.15574833   290.918463748022   113.832113368859    290.24905391    290.24905391    183.72821381
000000000900         0.018000   -20.881151123741     3.799179765902   -24.680330889643       309.06880470   289.792983683260   113.873732495689    290.31145808    290.31145808    183.71638092
000000001000         0.020000   -20.877839669053     3.809169940038   -24.687009609091       309.88151991   290.475353993620   113.904960442016    290.29951847    290.29951847    183.78187848
000000001100         0.022000   -20.849317331367     3.821901714399   -24.671219045766       310.91726829   291.335566519317   113.948230699446    290.35496198    290.35496198    183.78148706
000000001200         0.024000   -20.836176647280     3.817768203780   -24.653944851060       310.58100119   291.002368056139   113.955321903360    290.37953777    290.37953777    183.76181540
000000001300         0.026000   -20.862224065929     3.797222504649   -24.659446570578       308.90957865   289.593290040250   113.893550014906    290.34955018    290.34955018    183.70014302
000000001400         0.028000   -20.834219624800     3.820541065140   -24.654760689940       310.80657749   291.244756332007   113.943180009302    290.34160063    290.34160063    183.79025571
000000001500         0.030000   -20.844513695463     3.818590824275   -24.663104519738       310.64792256   291.136135369745   113.927506095457    290.31194350    290.31194350    183.80252105
000000001600         0.032000   -20.847795520944     3.804999721506   -24.652795242450       309.54226656   290.081461295887   113.934757822658    290.32093489    290.32093489    183.80283500
000000001700         0.034000   -20.844044755207     3.815289963344   -24.659334718551       310.37939272   290.854892940955   113.939092129530    290.31441343    290.31441343    183.81808532
000000001800         0.036000   -20.830548374143     3.820817655856   -24.651366029999       310.82907855   291.333250762368   113.916815493321    290.32360553    290.32360553    183.77050891
000000001900         0.038000   -20.837437626515     3.813058395990   -24.650496022505       310.19785146   290.722514066143   113.924300211849    290.26438714    290.26438714    183.85757984
000000002000         0.040000   -20.847447946547     3.807695603880   -24.655143550428       309.76158052   290.064735501321   114.022056191311    290.33419853    290.33419853    183.92686104
000000002100         0.042000   -20.866082816997     3.808299815990   -24.674382632987       309.81073405   290.382599454566   113.915316689645    290.26282899    290.26282899    183.84505549
000000002200         0.044000   -20.850150408921     3.810051358797   -24.660201767718       309.95322461   290.331441058884   113.987791400016    290.24085633    290.24085633    183.98987531
000000002300         0.046000   -20.839860173271     3.803421452135   -24.643281625405       309.41387205   289.880256328829   113.966547970047    290.22384025    290.22384025    183.97715747
000000002400         0.048000   -20.847770902222     3.807464401979   -24.655235304201       309.74277191   290.095759483150   114.002939586389    290.18111748    290.18111748    184.09009921
000000002500         0.050000   -20.818291783626     3.833545332643   -24.651837116269       311.86449359   292.073004251794   114.006802191328    290.15728798    290.15728798    184.12657597
000000002600         0.052000   -20.859727898702     3.798830790047   -24.658558688749       309.04041501   289.535609348241   113.964488032525    290.13482168    290.13482168    184.08674235
000000002700         0.054000   -20.822893146415     3.822038082029   -24.644931228444       310.92836200   291.101272897055   114.044011241581    290.23767925    290.23767925    184.08465091
000000002800         0.056000   -20.817851671750     3.821347648468   -24.639199320218       310.87219422   291.140766653009   114.007942241020    290.21083884    290.21083884    184.06047126
000000002900         0.058000   -20.866845690170     3.800458691202   -24.667304381372       309.17284714   289.803928021318   113.907764185521    290.11273017    290.11273017    184.02313918
000000003000         0.060000   -20.865706125385     3.808042888867   -24.673749014252       309.78983266   290.376225935601   113.910131566198    290.06885132    290.06885132    184.08264368
000000003100         0.062000   -20.888631030807     3.800908940219   -24.689539971026       309.20947555   289.951374686880   113.863327626902    290.01111154    290.01111154    184.08028399
000000003200         0.064000   -20.887265861743     3.802116962571   -24.689382824315       309.30774993   290.057930383826   113.857674060714    289.97615325    289.97615325    184.11552833
000000003300         0.066000   -20.867920735752     3.808154570056   -24.676075305809       309.79891809   290.467707472117   113.877595739025    290.02510578    290.02510578    184.08558471
000000003400         0.068000   -20.866347127698     3.816058492226   -24.682405619924       310.44191366   291.026616543340   113.894798715120    290.05896069    290.05896069    184.07041775
000000003500         0.070000   -20.870115061929     3.808740705462   -24.678855767391       309.84660105   290.404827867848   113.919784331190    290.01376350    290.01376350    184.16818808
000000003600         0.072000   -20.853538761408     3.808332188535   -24.661870949943       309.81336761   290.296240368621   113.950173536806    290.05845388    290.05845388    184.16055500
#loop                time(ns)     Etotal(kJ/mol)       Ekin(kJ/mol)       Epot(kJ/mol)            Temp(K)         Press(bar)      Volume(Ang^3)         lx(Ang)         ly(Ang)         lz(Ang)
000000000000         0.000000   -24.608466727529     0.000000000000   -24.608466727529        -0.00000000    -0.000000000000   113.814346003936    290.33800000    290.33800000    183.58700000
000000000100         0.002000   -21.763018690144     3.542486463020   -25.305505153164       288.18643083   275.018466099652   111.883984036027    288.58885073    288.58885073    182.66759247
000000000200         0.004000   -21.166168983795     3.747668300404   -24.913837284199       304.87827200   287.788988250610   113.111966183530    289.73672810    289.73672810    183.21208970
000000000300         0.006000   -21.000531854015     3.795495167582   -24.796027021597       308.76905727   290.621542708679   113.438955163331    290.11348172    290.11348172    183.26480751
000000000400         0.008000   -20.913868161631     3.811951543451   -24.725819705082       310.10780740   291.190487206420   113.708195375782    290.28633458    290.28633458    183.48106969
000000000500         0.010000   -20.890360302516     3.807699415145   -24.698059717662       309.76189057   290.619030853070   113.804696747308    290.29493038    290.29493038    183.62591058
000000000600         0.012000   -20.883382177387     3.799527329133   -24.682909506520       309.09707948   289.802851497064   113.880272326527    290.32225272    290.32225272    183.71326959
000000000700         0.014000   -20.871663406753     3.806168174624   -24.677831581377       309.63732193   290.294079457616   113.886271218919    290.26416003    290.26416003    183.79649408
000000000800         0.016000   -20.885838819317     3.812517799368   -24.698356618685       310.15387314   290.916711120978   113.832110922705    290.24905553    290.24905553    183.72820781
000000000900         0.018000   -20.881038197381     3.799398604038   -24.680436801420       309.08660750   289.810007826357   113.873602179317    290.31113123    290.31113123    183.71658435
